<Level 1>
:playerstart 100 472.0122625
:size 720 480
:index 1
:exit 614 457 629 480 2
:Part 0 378 2 100 0.02 0.04 15 20 -2 2 0.4 1 15 30 red 360 1 1 5
;
<Level 2>
:playerstart 100 472.0122625
:size 720 480
:index 2
:Obj 302 434 327 479 true
:Obs 419 469 489 475 1 -100
:exit 614 457 629 480 3
:line 420 476 429 460
:line 428 459 443 479
:line 443 478 449 457
:line 449 456 463 480
:line 462 479 471 457
:line 470 458 488 479
:line 433 467 441 459
:line 440 458 447 465
:line 454 464 460 455
:line 459 454 468 466
:Part 0 378 2 100 0.02 0.04 15 20 -2 2 1 0.4 15 30 red 360 1 1 5
;
<Level 3>
:playerstart 100 472.0122625
:size 720 480
:index 3
:Obj 321 340 353 478 true
:Obj 288 403 321 417 true
:Obs 354 339 361 477 1 -10
:exit 614 457 629 480 4
:line 352 339 358 333
:line 357 332 360 339
:line 353 340 364 336
:line 363 335 353 351
:line 352 350 362 354
:line 361 353 353 358
:line 352 357 363 366
:line 362 365 353 374
:line 352 373 362 381
:line 361 380 353 390
:line 352 389 363 396
:line 362 395 353 402
:line 352 401 362 411
:line 361 410 353 418
:line 357 397 364 400
:line 363 399 359 407
:line 355 386 364 386
:line 363 385 359 392
:line 357 368 364 374
:line 363 373 359 377
:line 359 353 364 360
:line 363 359 361 363
:line 358 343 367 344
:line 366 343 360 351
:line 356 413 363 417
:line 362 416 354 420
:line 353 419 364 422
:line 363 421 352 428
:line 352 428 364 432
:line 363 431 352 443
:line 351 442 363 448
:line 362 447 353 458
:line 353 457 362 463
:line 361 462 353 474
:line 355 467 364 473
:line 363 472 352 478
:line 357 450 363 455
:line 362 454 357 458
:line 356 437 364 440
:line 363 439 357 445
:Part 0 378 2 100 0.02 0.04 15 20 -2 2 1 0.4 15 30 red 360 1 1 5
;
<Level 4>
:playerstart 100 472.0122625
:size 720 480
:index 4
:Obj 319 4 353 226 true
:Obj 317 254 353 478 true
:Obj 266 255 315 279 true
:Obj 265 118 287 252 true
:Obj 183 431 223 443 true
:Obj 137 393 175 404 true
:Obj 197 358 230 372 true
:Obj 153 311 187 323 true
:Obj 105 261 141 272 true
:Obj 157 207 189 218 true
:Obj 117 162 149 171 true
:Obj 170 109 202 118 true
:Obs 255 116 263 276 1 -10
:exit 614 457 629 480 5
:line 263 277 254 272
:line 253 271 264 268
:line 263 267 254 257
:line 253 256 265 247
:line 264 246 254 237
:line 253 236 263 228
:line 264 228 252 220
:line 251 219 265 210
:line 264 209 252 198
:line 251 197 265 185
:line 264 184 250 173
:line 249 172 265 163
:line 264 162 252 155
:line 251 154 265 140
:line 264 139 253 131
:line 252 130 265 119
:line 264 118 255 113
:line 254 112 258 126
:line 259 134 252 137
:line 251 136 262 142
:line 256 178 256 183
:line 255 182 261 188
:line 257 204 250 207
:line 249 206 255 209
:line 254 208 263 209
:line 257 223 250 226
:line 249 225 260 231
:line 257 239 251 247
:line 250 246 261 251
:line 256 261 251 263
:line 250 262 258 270
:line 257 184 250 188
:line 249 187 258 191
:line 259 158 246 162
:line 245 161 256 169
:Part 0 378 2 100 0.02 0.04 15 20 -2 2 1 0.4 15 30 red 360 1 1 5
;
<Level 5>
:playerstart 100 472
:size 720 480
:index 5
:Obj 2 439 385 456 true
:Obj 409 418 424 480 true
:Obj 25 403 423 415 true
:Obj 1 360 381 380 true
:Obj 405 267 423 400 true
:Obj 2 58 10 357 true
:Obj 9 308 18 311 true
:Obj 36 277 47 280 true
:Obj 9 222 18 227 true
:Obj 36 185 47 189 true
:Obj 9 104 27 108 true
:Obj 57 70 100 76 true
:Obj 197 66 235 73 true
:Obj 112 169 189 173 true
:exit 614 457 629 480 6
:Part 0 378 2 100 0.02 0.04 15 20 -2 2 1 0.4 15 30 red 360 1 1 5
;
<Level 6>
:playerstart 100 472
:size 720 480
:index 6
:Obj 592 431 610 477 true
:Obj 611 431 667 452 true
:Obj 209 448 217 476 true
:Obj 217 448 264 457 true
:Obj 264 421 274 458 true
:Obj 273 421 312 431 true
:Obj 311 393 324 431 true
:Obj 323 393 360 402 true
:Obj 359 363 369 402 true
:Obj 368 363 401 374 true
:Obj 400 328 414 374 true
:Obj 413 328 458 341 true
:Obj 457 289 471 341 true
:Obj 471 289 508 303 true
:Obj 374 261 411 273 true
:Obj 360 235 373 273 true
:Obj 300 235 361 245 true
:Obj 288 199 301 245 true
:Obj 243 199 289 211 true
:Obj 230 167 244 211 true
:Obj 178 167 231 178 true
:Obj 167 134 179 178 true
:Obj 221 112 262 121 true
:Obj 128 134 166 142 true
:Obj 262 84 275 120 true
:Obj 274 84 322 95 true
:Obj 322 84 332 120 true
:Obj 331 109 388 120 true
:Obj 387 81 399 120 true
:Obj 398 81 456 93 true
:Obj 456 82 467 119 true
:Obj 466 106 524 119 true
:Obj 524 83 535 118 true
:Obj 534 83 587 93 true
:Obj 586 83 596 118 true
:Obj 597 103 657 118 true
:Obj 591 119 611 429 true
:Obj 540 364 588 371 true
:Obj 538 289 551 362 true
:Obj 507 289 538 302 true
:exit 614 457 629 480 7
:Part 0 378 2 100 0.02 0.04 15 20 -2 2 0.4 1 15 30 red 360 1 1 5
;
<Level 7>
:playerstart 50 472
:size 720 480
:index 7
:Obj 4 169 15 475 true
:Obj 101 168 118 472 true
:Obj 59 435 98 445 true
:Obj 14 389 56 399 true
:Obj 63 344 99 354 true
:Obj 15 303 54 314 true
:Obj 69 259 101 268 true
:Obj 14 218 56 226 true
:Obj 53 168 100 178 true
:Obj 117 168 441 182 true
:Obj 124 147 133 168 true
:Obj 151 123 163 164 true
:Obj 190 147 199 166 true
:Obj 245 123 259 163 true
:Obj 293 134 300 168 true
:Obj 322 146 329 164 true
:Obj 353 123 369 167 true
:Obj 397 98 413 167 true
:Obj 441 167 454 249 true
:Obj 488 166 502 279 true
:Obj 151 280 503 292 true
:Obj 487 3 502 164 true
:Obj 384 183 397 256 true
:Obj 351 207 363 273 true
:Obj 316 186 326 257 true
:Obj 289 204 299 273 true
:Obj 265 189 272 255 true
:Obj 238 220 247 277 true
:Obj 170 184 178 258 true
:Obj 178 214 226 221 true
:Obj 152 292 167 377 true
:Obj 120 423 593 432 true
:Obj 487 294 499 397 true
:Obj 459 321 467 422 true
:Obj 403 321 459 331 true
:Obj 369 292 381 331 true
:Obj 341 349 458 357 true
:Obj 196 323 341 329 true
:Obj 168 348 324 357 true
:Obj 341 323 347 348 true
:Obj 152 400 243 406 true
:Obj 259 378 267 406 true
:Obj 295 358 302 387 true
:Obj 266 403 459 406 true
:Obj 301 382 440 386 true
:Obj 181 377 258 383 true
:Obj 152 376 167 400 true
:Obj 579 36 593 420 true
:Obj 568 381 578 385 true
:Obj 571 305 579 307 true
:Obj 571 237 578 239 true
:Obj 571 161 578 164 true
:Obj 570 87 578 89 true
:Obj 592 36 706 43 true
:Obj 616 59 716 65 true
:Obj 594 90 708 95 true
:Obj 609 115 717 122 true
:Obj 593 152 704 161 true
:Obj 625 184 714 191 true
:Obj 596 207 701 214 true
:Obj 622 235 716 242 true
:Obj 595 269 704 278 true
:Obj 623 323 714 331 true
:Obj 602 376 692 382 true
:Obj 689 383 694 458 true
:Obj 646 433 659 474 true
:Obj 616 436 641 444 true
:Obj 416 450 610 455 true
:Obj 133 450 415 455 true
:exit 614 457 629 480 8
:Part 0 378 2 100 0.02 0.04 15 20 -2 2 0.4 1 15 30 red 360 1 1 5
;
<Win Level>
:playerstart 100 472
:size 720 480
:index 8
:Obj 76 83 89 351 true
:Obj 88 342 641 352 true
:Obj 640 88 651 353 true
:Obj 89 83 651 88 true
:exit 115 106 125 160 NaN
:exit 127 150 169 159 NaN
:exit 162 105 169 156 NaN
:exit 143 158 151 205 NaN
:exit 231 108 240 196 NaN
:exit 237 189 315 197 NaN
:exit 307 103 315 190 NaN
:exit 231 106 308 115 NaN
:exit 382 103 393 191 NaN
:exit 392 178 455 190 NaN
:exit 441 104 454 179 NaN
:exit 111 247 122 319 NaN
:exit 121 308 203 316 NaN
:exit 202 240 214 313 NaN
:exit 154 244 163 311 NaN
:exit 295 240 309 312 NaN
:exit 265 313 336 325 NaN
:exit 272 226 351 242 NaN
:exit 413 218 424 315 NaN
:exit 423 218 497 229 NaN
:exit 493 221 510 311 NaN
:exit 565 101 596 278 NaN
:exit 568 299 610 329 NaN
:exit 651 451 670 478 9
:Part 0 378 2 100 0.02 0.04 15 20 -2 2 0.4 1 15 30 red 360 1 1 5
;
<Credits>
:playerstart 100 472
:size 720 480
:index 9
:Obj 1 262 720 272 true
:exit 45 40 55 132 0
:exit 51 39 96 46 0
:exit 91 45 96 73 0
:exit 51 67 91 74 0
:exit 102 39 108 131 0
:exit 107 41 144 46 0
:exit 138 45 144 76 0
:exit 105 72 139 76 0
:exit 130 73 134 130 0
:exit 156 41 194 45 0
:exit 190 44 194 121 0
:exit 152 116 191 121 0
:exit 149 40 155 121 0
:exit 208 43 246 49 0
:exit 208 48 216 118 0
:exit 215 107 253 118 0
:exit 241 79 253 108 0
:exit 223 79 242 87 0
:exit 273 38 280 118 0
:exit 276 39 318 42 0
:exit 311 39 318 67 0
:exit 277 63 312 67 0
:exit 299 65 305 116 0
:exit 340 39 348 109 0
:exit 346 40 389 47 0
:exit 380 46 389 104 0
:exit 345 67 384 72 0
:exit 401 37 413 118 0
:exit 412 37 475 46 0
:exit 474 45 488 118 0
:exit 438 45 446 114 0
:exit 511 35 523 115 0
:exit 523 41 587 50 0
:exit 582 46 594 113 0
:exit 548 47 557 115 0
:exit 612 38 623 122 0
:exit 622 39 662 49 0
:exit 615 76 646 87 0
:exit 617 112 665 123 0
:exit 680 37 685 121 0
:exit 684 36 712 46 0
:exit 705 40 712 121 0
:exit 680 118 710 125 0
:exit 54 163 63 234 0
:exit 62 164 93 172 0
:exit 94 167 102 234 0
:exit 65 230 100 238 0
:exit 56 198 95 206 0
:exit 129 163 143 205 0
:exit 142 195 170 205 0
:exit 167 160 175 207 0
:exit 149 202 157 241 0
:exit 206 161 247 168 0
:exit 206 167 212 226 0
:exit 211 216 246 226 0
:exit 265 142 271 227 0
:exit 271 184 300 194 0
:exit 293 142 300 185 0
:exit 292 190 301 227 0
:exit 318 146 325 225 0
:exit 326 146 358 153 0
:exit 350 152 358 186 0
:exit 322 181 351 186 0
:exit 345 185 353 224 0
:exit 375 146 382 231 0
:exit 371 145 392 160 0
:exit 370 216 397 229 0
:exit 410 139 442 147 0
:exit 410 146 419 193 0
:exit 418 188 447 193 0
:exit 442 188 447 224 0
:exit 414 221 442 224 0
:exit 474 138 481 224 0
:exit 477 138 519 145 0
:exit 516 144 519 216 0
:exit 472 215 517 224 0
:exit 544 139 551 217 0
:exit 529 127 565 133 0
:exit 535 221 563 231 0
:exit 579 127 585 231 0
:exit 585 131 625 139 0
:exit 618 138 625 171 0
:exit 579 166 620 171 0
:exit 609 169 614 232 0
:exit 646 133 652 239 0
:exit 666 187 672 237 0
:exit 649 180 667 188 0
:exit 666 173 682 180 0
:exit 672 135 682 174 0
:exit 691 136 713 146 0
:exit 692 145 699 205 0
:exit 698 203 714 205 0
:exit 708 203 714 238 0
:exit 688 232 709 238 0
:exit 622 451 639 479 10
;
<3 Doors>
:playerstart 100 472
:size 720 480
:index 10
:Obj 179 455 186 475 true
:Obj 185 455 215 463 true
:Obj 208 428 215 463 true
:Obj 208 428 719 439 true
:Obj 254 383 315 391 true
:Obj 413 378 486 387 true
:Obj 599 377 675 387 true
:exit 280 350 296 382 11
:exit 437 343 455 378 12
:exit 628 342 646 376 1
:line 248 278 249 336
:line 249 277 268 294
:line 267 293 249 307
:line 261 323 273 291
:line 272 290 284 321
:line 268 308 278 309
:line 286 288 285 323
:line 284 322 285 323
:line 285 286 305 296
:line 304 295 287 306
:line 287 304 300 321
:line 307 286 310 318
:line 302 282 317 284
:line 326 286 327 316
:line 323 288 334 284
:line 321 312 338 311
:line 348 276 355 285
:line 347 276 344 307
:line 343 306 352 314
:line 351 313 356 304
:line 365 306 369 279
:line 368 278 378 302
:line 369 295 374 290
:line 379 273 388 301
:line 400 260 397 274
:line 396 273 411 281
:line 410 280 402 296
:line 387 298 396 296
:line 329 320 307 345
:line 306 344 308 327
:line 305 345 328 338
:line 421 314 422 333
:line 421 332 431 333
:line 421 321 428 322
:line 421 312 430 311
:line 436 328 437 308
:line 436 307 446 326
:line 445 325 450 308
:line 449 307 456 326
:line 457 305 461 326
:line 457 301 470 302
:line 469 301 460 315
:line 475 299 477 323
:line 470 299 485 296
:line 493 296 502 303
:line 505 290 500 322
:line 473 331 474 349
:line 473 328 486 332
:line 485 331 476 339
:line 475 338 485 345
:line 495 322 492 332
:line 491 331 499 339
:line 498 338 503 332
:line 503 330 494 322
:line 509 321 509 329
:line 508 328 513 336
:line 512 335 519 327
:line 518 326 509 320
:line 521 331 523 315
:line 522 314 534 329
:line 533 325 536 315
:line 534 314 544 327
:line 465 330 458 340
:line 457 339 455 332
:line 458 339 467 338
:line 633 298 633 333
:line 632 332 626 322
:line 633 331 642 325
:line 611 255 613 285
:line 609 255 626 265
:line 625 264 612 270
:line 624 264 615 285
:line 630 254 636 279
:line 635 278 645 274
:line 633 264 640 260
:line 630 253 646 252
:line 661 250 653 251
:line 652 250 656 275
:line 655 274 667 271
:line 665 269 665 261
:line 664 260 659 263
:line 668 247 676 270
:line 664 246 676 244
:line 669 269 681 270
:line 686 267 686 238
:line 685 237 701 265
:line 700 264 699 233
:line 642 294 643 281
:line 642 280 651 295
:line 642 289 650 288
:line 662 276 652 282
:line 651 281 655 300
:line 654 299 662 299
:line 661 297 662 289
:line 661 288 657 289
:line 664 299 671 276
:line 670 275 678 297
:line 667 289 676 288
:line 681 273 685 294
:line 673 273 687 276
:line 679 298 688 292
:line 694 295 694 270
:line 693 269 703 293
:line 702 292 702 266
:line 705 264 715 265
:line 714 264 715 281
:line 714 280 708 281
:line 707 280 708 292
:line 707 305 708 306
;
<Particles>
:playerstart 100 472
:size 720 480
:index 11
:exit 18 451 32 479 10
:Part 0 378 2 100 0.02 0.04 15 20 -2 2 0.4 1 15 30 red 360 1 1 5
:Part 0 293 427 50 0.1 0.5 -7 7 80 10 0.5 0.2 2 5 red -1 1 0 0
:Part 0 652 474 50 0.1 0.5 -20 -30 -5 5 0.4 1 2 5 red -1 1 0 0
:Part 0 599 474 50 0.1 0.5 -20 -30 -5 5 0.4 1 2 5 green -1 1 0 0
:Part 0 555 476 50 0.1 0.5 -20 -30 -5 5 0.4 1 2 5 aqua -1 1 0 0
:Part 0 530 470 50 1.1 2.5 -20 -30 -5 5 1 0.4 2 5 purple -1 1 0 1
:Part 0 208 474 200 0.1 0.5 -20 -30 -5 5 0.4 1 2 5 red -1 1 5 0
;
<Play Room>
:playerstart 100 472
:size 720 480
:index 12
:exit 18 451 32 479 10
;